0.000000000000000000e+00 1.719461977481842041e-01
1.587301587301587213e-02 1.751739084720611572e-01
3.174603174603174427e-02 1.788607537746429443e-01
4.761904761904761640e-02 1.830585896968841553e-01
6.349206349206348854e-02 1.878210008144378662e-01
7.936507936507936067e-02 1.932021677494049072e-01
9.523809523809523281e-02 1.992543637752532959e-01
1.111111111111111049e-01 2.060259878635406494e-01
1.269841269841269771e-01 2.135574519634246826e-01
1.428571428571428492e-01 2.218774855136871338e-01
1.587301587301587213e-01 2.309983670711517334e-01
1.746031746031745935e-01 2.409105598926544189e-01
1.904761904761904656e-01 2.515772283077239990e-01
2.063492063492063378e-01 2.629297077655792236e-01
2.222222222222222099e-01 2.748626768589019775e-01
2.380952380952380820e-01 2.872349321842193604e-01
2.539682539682539542e-01 2.998690307140350342e-01
2.698412698412698263e-01 3.125577270984649658e-01
2.857142857142856984e-01 3.250744640827178955e-01
3.015873015873015706e-01 3.371866643428802490e-01
3.174603174603174427e-01 3.486712872982025146e-01
3.333333333333333148e-01 3.593350946903228760e-01
3.492063492063491870e-01 3.690262734889984131e-01
3.650793650793650591e-01 3.776486217975616455e-01
3.809523809523809312e-01 3.851643502712249756e-01
3.968253968253968034e-01 3.915950357913970947e-01
4.126984126984126755e-01 3.970188200473785400e-01
4.285714285714285476e-01 4.015686810016632080e-01
4.444444444444444198e-01 4.054427444934844971e-01
4.603174603174602919e-01 4.089382588863372803e-01
4.761904761904761640e-01 4.125256836414337158e-01
4.920634920634920362e-01 4.169789254665374756e-01
5.079365079365079083e-01 4.235582649707794189e-01
5.238095238095237249e-01 4.341794550418853760e-01
5.396825396825396526e-01 4.513865411281585693e-01
5.555555555555555802e-01 4.777783453464508057e-01
5.714285714285713969e-01 5.144351720809936523e-01
5.873015873015872135e-01 5.581818819046020508e-01
6.031746031746031411e-01 5.986143350601196289e-01
6.190476190476190688e-01 6.177299022674560547e-01
6.349206349206348854e-01 5.959342718124389648e-01
6.507936507936507020e-01 5.243937969207763672e-01
6.666666666666666297e-01 4.151123464107513428e-01
6.825396825396825573e-01 2.974368631839752197e-01
6.984126984126983739e-01 2.020709216594696045e-01
7.142857142857141906e-01 1.466090977191925049e-01
7.301587301587301182e-01 1.324999034404754639e-01
7.460317460317460458e-01 1.506814658641815186e-01
7.619047619047618625e-01 1.886785924434661865e-01
7.777777777777776791e-01 2.351607978343963623e-01
7.936507936507936067e-01 2.817609608173370361e-01
8.095238095238095344e-01 3.232047259807586670e-01
8.253968253968253510e-01 3.568088710308074951e-01
8.412698412698411676e-01 3.818335831165313721e-01
8.571428571428570953e-01 3.989928662776947021e-01
8.730158730158730229e-01 4.101029336452484131e-01
8.888888888888888395e-01 4.179105460643768311e-01
9.047619047619046562e-01 4.259988367557525635e-01
9.206349206349205838e-01 4.388019740581512451e-01
9.365079365079365115e-01 4.616232812404632568e-01
9.523809523809523281e-01 5.006991624832153320e-01
9.682539682539681447e-01 5.631475448608398438e-01
9.841269841269840724e-01 6.568390130996704102e-01
1.000000000000000000e+00 7.899634838104248047e-01
