0.000000000000000000e+00 2.182150036096572876e-01
1.587301587301587213e-02 2.013545632362365723e-01
3.174603174603174427e-02 1.864313781261444092e-01
4.761904761904761640e-02 1.737410426139831543e-01
6.349206349206348854e-02 1.635937839746475220e-01
7.936507936507936067e-02 1.562978178262710571e-01
9.523809523809523281e-02 1.521604061126708984e-01
1.111111111111111049e-01 1.514648050069808960e-01
1.269841269841269771e-01 1.544626653194427490e-01
1.428571428571428492e-01 1.613630354404449463e-01
1.587301587301587213e-01 1.723003238439559937e-01
1.746031746031745935e-01 1.873211711645126343e-01
1.904761904761904656e-01 2.063518911600112915e-01
2.063492063492063378e-01 2.291858792304992676e-01
2.222222222222222099e-01 2.554442882537841797e-01
2.380952380952380820e-01 2.845607399940490723e-01
2.539682539682539542e-01 3.157739043235778809e-01
2.698412698412698263e-01 3.481063246726989746e-01
2.857142857142856984e-01 3.803863823413848877e-01
3.015873015873015706e-01 4.112610220909118652e-01
3.174603174603174427e-01 4.392490088939666748e-01
3.333333333333333148e-01 4.628030955791473389e-01
3.492063492063491870e-01 4.803937375545501709e-01
3.650793650793650591e-01 4.906272888183593750e-01
3.809523809523809312e-01 4.923861920833587646e-01
3.968253968253968034e-01 4.849822819232940674e-01
4.126984126984126755e-01 4.683382511138916016e-01
4.285714285714285476e-01 4.431765079498291016e-01
4.444444444444444198e-01 4.112096726894378662e-01
4.603174603174602919e-01 3.752807378768920898e-01
4.761904761904761640e-01 3.394307792186737061e-01
4.920634920634920362e-01 3.088144361972808838e-01
5.079365079365079083e-01 2.893927693367004395e-01
5.238095238095237249e-01 2.872731387615203857e-01
5.396825396825396526e-01 3.076093196868896484e-01
5.555555555555555802e-01 3.528800606727600098e-01
5.714285714285713969e-01 4.205257296562194824e-01
5.873015873015872135e-01 5.003871917724609375e-01
6.031746031746031411e-01 5.732753276824951172e-01
6.190476190476190688e-01 6.133422851562500000e-01
6.349206349206348854e-01 5.969020128250122070e-01
6.507936507936507020e-01 5.169463157653808594e-01
6.666666666666666297e-01 3.941615223884582520e-01
6.825396825396825573e-01 2.700746655464172363e-01
6.984126984126983739e-01 1.824674904346466064e-01
7.142857142857141906e-01 1.458175331354141235e-01
7.301587301587301182e-01 1.522445231676101685e-01
7.460317460317460458e-01 1.840720325708389282e-01
7.619047619047618625e-01 2.246490418910980225e-01
7.777777777777776791e-01 2.630160748958587646e-01
7.936507936507936067e-01 2.941601574420928955e-01
8.095238095238095344e-01 3.174570202827453613e-01
8.253968253968253510e-01 3.348551690578460693e-01
8.412698412698411676e-01 3.494323492050170898e-01
8.571428571428570953e-01 3.644470572471618652e-01
8.730158730158730229e-01 3.827672600746154785e-01
8.888888888888888395e-01 4.065966606140136719e-01
9.047619047619046562e-01 4.373885095119476318e-01
9.206349206349205838e-01 4.758794307708740234e-01
9.365079365079365115e-01 5.221922993659973145e-01
9.523809523809523281e-01 5.759462118148803711e-01
9.682539682539681447e-01 6.364051103591918945e-01
9.841269841269840724e-01 7.025935649871826172e-01
1.000000000000000000e+00 7.734200954437255859e-01
