0.000000000000000000e+00 1.966679096221923828e-01
1.587301587301587213e-02 1.902954578399658203e-01
3.174603174603174427e-02 1.847321987152099609e-01
4.761904761904761640e-02 1.801435947418212891e-01
6.349206349206348854e-02 1.766760349273681641e-01
7.936507936507936067e-02 1.744954586029052734e-01
9.523809523809523281e-02 1.738214492797851562e-01
1.111111111111111049e-01 1.748409271240234375e-01
1.269841269841269771e-01 1.777985095977783203e-01
1.428571428571428492e-01 1.829171180725097656e-01
1.587301587301587213e-01 1.904313564300537109e-01
1.746031746031745935e-01 2.006061077117919922e-01
1.904761904761904656e-01 2.136805057525634766e-01
2.063492063492063378e-01 2.298769950866699219e-01
2.222222222222222099e-01 2.493586540222167969e-01
2.380952380952380820e-01 2.722468376159667969e-01
2.539682539682539542e-01 2.985374927520751953e-01
2.698412698412698263e-01 3.280723094940185547e-01
2.857142857142856984e-01 3.604481220245361328e-01
3.015873015873015706e-01 3.949353694915771484e-01
3.174603174603174427e-01 4.303362369537353516e-01
3.333333333333333148e-01 4.648315906524658203e-01
3.492063492063491870e-01 4.957413673400878906e-01
3.650793650793650591e-01 5.192983150482177734e-01
3.809523809523809312e-01 5.303585529327392578e-01
3.968253968253968034e-01 5.222058296203613281e-01
4.126984126984126755e-01 4.866693019866943359e-01
4.285714285714285476e-01 4.152534008026123047e-01
4.444444444444444198e-01 3.028898239135742188e-01
4.603174603174602919e-01 1.581788063049316406e-01
4.761904761904761640e-01 2.774763107299804688e-02
4.920634920634920362e-01 4.503250122070312500e-02
5.079365079365079083e-01 4.881649017333984375e-01
5.238095238095237249e-01 1.642470836639404297e+00
5.396825396825396526e-01 3.015893459320068359e+00
5.555555555555555802e-01 3.491693973541259766e+00
5.714285714285713969e-01 3.131434440612792969e+00
5.873015873015872135e-01 2.345683097839355469e+00
6.031746031746031411e-01 1.531165122985839844e+00
6.190476190476190688e-01 9.177949428558349609e-01
6.349206349206348854e-01 5.262830257415771484e-01
6.507936507936507020e-01 2.999823093414306641e-01
6.666666666666666297e-01 1.819179058074951172e-01
6.825396825396825573e-01 1.311366558074951172e-01
6.984126984126983739e-01 1.208417415618896484e-01
7.142857142857141906e-01 1.340985298156738281e-01
7.301587301587301182e-01 1.604039669036865234e-01
7.460317460317460458e-01 1.932721138000488281e-01
7.619047619047618625e-01 2.286486625671386719e-01
7.777777777777776791e-01 2.638781070709228516e-01
7.936507936507936067e-01 2.971265316009521484e-01
8.095238095238095344e-01 3.270928859710693359e-01
8.253968253968253510e-01 3.529024124145507812e-01
8.412698412698411676e-01 3.741993904113769531e-01
8.571428571428570953e-01 3.912315368652343750e-01
8.730158730158730229e-01 4.049460887908935547e-01
8.888888888888888395e-01 4.170687198638916016e-01
9.047619047619046562e-01 4.300937652587890625e-01
9.206349206349205838e-01 4.472908973693847656e-01
9.365079365079365115e-01 4.727671146392822266e-01
9.523809523809523281e-01 5.116415023803710938e-01
9.682539682539681447e-01 5.704720020294189453e-01
9.841269841269840724e-01 6.578650474548339844e-01
1.000000000000000000e+00 7.855775356292724609e-01
