0.000000000000000000e+00 5.310544371604903890e-01 4.957340215886373858e-01 5.310544371604937197e-01
1.587301587301587213e-02 3.431587336112132958e-01 3.578606019741962241e-01 1.296015382046459274e+00
3.174603174603174427e-02 1.811221210474972532e-01 2.570962560316326639e-01 1.320389701589127052e+00
4.761904761904761640e-02 5.571825312500772176e-02 1.883617784674506968e-01 1.038721007171913069e+00
6.349206349206348854e-02 -2.799060317451129709e-02 1.469537456796053132e-01 6.867390245125254422e-01
7.936507936507936067e-02 -6.933128990425982408e-02 1.285322721362461007e-01 3.799849163225086368e-01
9.523809523809523281e-02 -7.088035596358369106e-02 1.291087667544581485e-01 1.641539526399471149e-01
1.111111111111111049e-01 -3.749265754797154182e-02 1.450336892790045629e-01 4.662431290752078183e-02
1.269841269841269771e-01 2.451635339345928366e-02 1.729843066610651237e-01 1.566838019377161939e-02
1.428571428571428492e-01 1.080484091444118278e-01 2.099524494369817695e-01 5.174465961747522214e-02
1.587301587301587213e-01 2.057734729233514082e-01 2.532322681069966164e-01 1.338049177915136279e-01
1.746031746031745935e-01 3.105666923925156087e-01 3.004079895139957213e-01 2.425433410436082515e-01
1.904761904761904656e-01 4.158433418857027108e-01 3.493416732222495713e-01 3.618301019710841726e-01
2.063492063492063378e-01 5.158032770866256556e-01 3.981609678961546828e-01 4.791139045945352892e-01
2.222222222222222099e-01 6.055958677096868747e-01 4.452468676789755331e-01 5.852768737032782997e-01
2.380952380952380820e-01 6.814158155551343077e-01 4.892214685715860489e-01 6.742306179852789461e-01
2.539682539682539542e-01 7.405397071306389911e-01 5.289357248112099841e-01 7.424192604171241383e-01
2.698412698412698263e-01 7.813125918514206569e-01 5.634572052501640727e-01 7.883192897654902609e-01
2.857142857142856984e-01 8.030933186511348687e-01 5.920578497345987401e-01 8.119805767788983442e-01
3.015873015873015706e-01 8.061668056558203288e-01 6.142017254832392581e-01 8.146266284752157194e-01
3.174603174603174427e-01 7.916308593932932514e-01 6.295327834661281763e-01 7.983177518248041338e-01
3.333333333333333148e-01 7.612646018304610740e-01 6.378626147833659221e-01 7.656735062705275485e-01
3.492063492063491870e-01 7.173850053511144909e-01 6.391582070438528440e-01 7.196476419288548865e-01
3.650793650793650591e-01 6.626974776068409456e-01 6.335297007440309214e-01 6.633478025688240853e-01
3.809523809523809312e-01 6.001458799937938737e-01 6.212181456466244756e-01 5.998925195712715430e-01
3.968253968253968034e-01 5.327668053281335858e-01 6.025832571593824349e-01 5.322988024115852257e-01
4.126984126984126755e-01 4.635523821130437261e-01 5.780911727138193790e-01 4.633945956245527631e-01
4.285714285714285476e-01 3.953253146103152815e-01 5.483022081439575812e-01 3.957513435515175870e-01
4.444444444444444198e-01 3.306293097495732192e-01 5.138586140650680534e-01 3.316328008353852663e-01
4.603174603174602919e-01 2.716374837283105359e-01 4.754723322524118667e-01 2.729570198420625537e-01
4.761904761904761640e-01 2.200807829759780510e-01 4.339127520199825283e-01 2.212691345244588992e-01
4.920634920634920362e-01 1.771978959754660632e-01 3.899944665992466364e-01 1.777231553776366657e-01
5.079365079365079083e-01 1.437075742554009272e-01 3.445650295178858680e-01 1.430715092277499989e-01
5.238095238095237249e-01 1.198037226867641747e-01 2.984927109785383559e-01 1.176615195363774069e-01
5.396825396825396526e-01 1.051730610374291830e-01 2.526542542375396772e-01 1.014384466104626958e-01
5.555555555555555802e-01 9.903460055829826914e-02 2.079226319836656456e-01 9.395511098213653323e-02
5.714285714285713969e-01 1.001996211948050775e-01 1.651548027168730226e-01 9.438852508629982929e-02
5.873015873015872135e-01 1.071502768376388637e-01 1.251794671270404502e-01 1.015643756017353128e-01
6.031746031746031411e-01 1.181343978466300321e-01 8.878482447271068834e-02 1.139906484212681315e-01
6.190476190476190688e-01 1.312735019018232141e-01 5.670632895983251931e-02 1.299021864340403898e-01
6.349206349206348854e-01 1.446804660558517197e-01 2.961444612050162517e-02 1.473185315271777207e-01
6.507936507936507020e-01 1.565827546818129579e-01 8.102409191701964719e-03 1.641180363169483236e-01
6.666666666666666297e-01 1.654465398309296897e-01 -7.326024505952544175e-03 1.781319380629211302e-01
6.825396825396825573e-01 1.700964923343694368e-01 -1.626881718947581490e-02 1.872628468465238061e-01
6.984126984126983739e-01 1.698254638036826025e-01 -1.843789423476915879e-02 1.896328537290195293e-01
7.142857142857141906e-01 1.644877215044005525e-01 -1.367138779787924197e-02 1.837670831136050953e-01
7.301587301587301182e-01 1.545688398974277844e-01 -1.945880436256319790e-03 1.688187437773393251e-01
7.460317460317460458e-01 1.412247944629460850e-01 1.661135126998680711e-02 1.448411106781899993e-01
7.619047619047618625e-01 1.262822452416298979e-01 4.171009309681600330e-02 1.131095811999139611e-01
7.777777777777776791e-01 1.121914393480709787e-01 7.288494955501867434e-02 7.649161956722805300e-02
7.936507936507936067e-01 1.019226035313817308e-01 1.094831002689439781e-01 3.985177395789210597e-02
8.095238095238095344e-01 9.879613967804384833e-02 1.506520563552448122e-01 1.045941000176808799e-02
8.253968253968253510e-01 1.062363779721516577e-01 1.953274168016185253e-01 -1.667296925832562060e-03
8.412698412698411676e-01 1.274380842482864540e-01 2.422206248455505972e-01 1.639511808585883412e-02
8.571428571428570953e-01 1.649343598923350973e-01 2.898067243530538795e-01 8.022707683240497267e-02
8.730158730158730229e-01 2.200540144656850938e-01 3.363121161974111928e-01 2.070465675002616246e-01
8.888888888888888395e-01 2.922559330482542572e-01 3.797023146379154834e-01 4.133201866654873102e-01
9.047619047619046562e-01 3.783274021159730993e-01 4.176697036986144473e-01 7.100505812009801909e-01
9.206349206349205838e-01 4.714327995883590416e-01 4.476212935470493814e-01 1.094251097302856746e+00
9.365079365079365115e-01 5.599984965019615402e-01 4.666664768729961166e-01 1.534325091892644766e+00
9.523809523809523281e-01 6.264192595854917167e-01 4.716047852672092811e-01 1.945907686915531398e+00
9.682539682539681447e-01 6.455708858325791555e-01 4.589136456001619013e-01 2.153054587898993510e+00
9.841269841269840724e-01 5.831132419881817075e-01 4.247361364007860018e-01 1.827277784613588141e+00
1.000000000000000000e+00 3.935673236846948253e-01 3.648687442352180343e-01 3.935673236846808365e-01
